1,10,dsda,sdad,0,121,sadad,dasdaicle 1;article 2 2
1,11,dsda,sdad,0,121,sadad,dasda2
1,12,dsda,sdad,0,121,sadad,dasdaicle 1;article 2 2
1,14,dsads,dasada,0,12121,1313dsda,1231
1,16,2112,121,212,12121,12,1211
1,17,1212,1212121,21,2,1,212
1,18,d1221,3,14,2,121,121
1,19,dasd,qw,0,121,21,2
1,20,1212,21,21,212,12,12
1,22,jauaua,jauau,123,0,jauaua,jauaua
1,24,12313,14,14,525,2,342
2,27,421,43,36,6455,4211,13,131,32,31,312
1,28,4234,53,5,31,1313,132
2,29,213,123,3213,21313,2131,313,12324,123,,33133,423,1316,54,634,5324,123,,33133,423,1316,54,634,53
2,26,421,5,453,21313,1,3131,231
2,30,da,1e,0,43,123,dasda,lwdsani